0.0462474 0.117307 -0.477489 0.19609 0.0158449 
0.144303 -0.162123 0.130996 0.346075 0.0657847 
0.44609 -0.0949205 -0.266034 0.216229 -0.129012 
0.540874 -0.189927 -0.70992 -0.230719 -0.100406 
0.39066 -0.137362 -0.115405 0.119965 0.0340394 
0.596475 -0.104936 -0.081286 -0.650946 -0.299629 
-0.0174026 0.411543 0.383061 0.261722 -0.0688084 
0.428679 0.0558606 0.28535 0.124309 0.124152 
0.182644 -0.036246 -0.476869 0.502451 -0.173625 
0.132897 -0.164727 0.189078 -0.0293287 0.0422527 
0.176508 0.434807 0.331115 0.304975 -0.579844 
0.331481 -0.41146 0.0385784 -0.315517 -0.48497 
0.317978 -0.492104 -0.418538 -0.448854 0.419305 
-0.205871 0.213502 -0.0319047 0.278384 0.0923857 
-0.293435 -0.0216291 -0.589451 0.110091 0.0687915 
0.12872 0.0778365 0.824849 0.0770527 -0.906408 
0.526723 -0.592559 0.298523 0.087785 -0.000347337 
0.114503 -0.305797 0.40125 -0.113179 0.261939 
-0.101315 0.0356585 0.109712 -0.161098 -0.179507 
0.249538 -0.191514 0.0577495 0.383859 -0.693814 
-0.0891873 -0.107458 -0.172121 0.383865 0.00553653 
0.374369 -0.0258076 -0.0588703 -0.455967 0.0796666 
0.222092 -0.0894499 0.10007 -0.0768227 -0.501884 
-0.0166922 -0.434794 -0.0152464 0.109359 0.0365301 
0.436448 -0.109753 0.0215871 -0.182411 -0.475666 
-0.254647 -0.108522 -0.166195 -0.0368789 -0.671462 
0.28571 -0.277504 0.131539 0.332349 -0.438164 
-0.267091 -0.148352 0.300154 0.431692 -0.307492 
-0.111742 -0.528745 0.250784 -0.00695259 0.0794831 
-0.121789 -0.079825 0.277701 -0.0641631 0.192351 
0.0387618 -0.318423 -0.0485027 -0.0111741 0.428374 
-0.0357813 0.00868172 -0.104158 0.278114 -0.0423488 
-0.165412 -0.122354 0.40154 -0.0361603 -0.199261 
0.0702215 0.513367 0.325551 0.374611 -0.240252 
0.287272 0.330131 -0.023233 -0.0252002 -0.0177173 
-0.160844 0.127457 -0.142493 0.268727 -0.142014 
0.515799 -0.264257 0.0696233 -0.0955301 0.250277 
-0.222813 -0.0702387 -0.109604 -0.259171 -0.363558 
0.149263 -0.385316 -0.353452 -0.112191 -0.0889551 
-0.338391 -0.397618 0.270032 -0.159566 0.123304 
-0.0831418 0.0142924 0.320207 -0.206631 -0.198482 
-0.111319 0.160825 -0.124744 0.000126628 -0.0319651 
-0.230851 -0.0662954 -0.248925 0.37854 -0.211384 
0.00674164 -0.198898 0.496584 -0.418421 -0.167467 
-0.0296106 0.0545951 -0.165247 0.667107 -0.640613 
0.801977 -0.332929 -0.218046 0.0178614 0.726274 
-0.234143 0.216035 -0.325189 -0.333069 0.175617 
0.0134762 0.277395 -0.349098 0.17517 -0.260879 
-0.0345797 0.193859 -0.268005 0.107253 -0.316271 
-0.731494 -0.463052 0.0107204 0.42031 0.230302 
-0.349243 -0.115717 -0.123307 0.198601 0.218542 
0.0626757 -0.378102 0.0177971 0.305256 -0.132279 
0.250849 -0.163953 -0.367264 -0.00807645 -0.0823294 
0.0984433 -0.354375 0.139296 0.266933 -0.0759253 
0.123812 0.0167832 0.0757636 -0.284033 0.581735 
0.473737 -0.102612 -0.205403 0.229 -0.247765 
0.130499 -0.12713 -0.100311 0.204414 0.241071 
0.331133 -0.195977 0.605211 0.947319 -0.0678134 
-0.226095 -0.340345 -0.147567 -0.181097 0.185418 
0.438317 0.191607 0.105128 -0.447662 -0.0371387 
0.0636107 -0.173467 -0.00231275 0.0421661 0.0213171 
0.265279 0.178218 -0.19346 0.216518 -0.06658 
0.253922 -0.126419 -0.361625 0.332295 0.031144 
-0.161891 0.44372 -0.0135563 -0.129572 -0.777183 
-0.145843 0.382995 0.055956 -0.177983 0.629979 
0.136615 -0.338767 -0.290303 0.0360466 0.504168 
-0.33242 -0.219058 0.316406 0.232862 0.0658215 
-0.152927 -0.109178 0.526824 0.054806 -0.482241 
-0.0139906 -0.310695 -0.268391 0.260382 -0.714254 
-0.214364 -0.160547 0.0410774 -0.00603557 0.260237 
-0.189093 0.279629 -0.425416 -0.0793238 0.0166748 
-0.444327 0.246428 -0.360931 -0.00224854 -0.0360672 
-0.0147813 0.129931 -0.194538 -0.283726 -0.172713 
0.209687 -0.106774 -0.724664 -0.417045 0.0590319 
0.280103 -0.271666 0.0756739 0.45184 -0.16738 
0.300608 0.265463 0.0641943 0.294378 0.501748 
-0.0920232 -0.208366 0.119253 0.58246 0.0510626 
-0.105741 -0.392416 -0.0888412 -0.306646 -0.366889 
0.267902 -0.108333 0.133616 0.186727 0.170763 
-0.201538 -0.154811 -0.318947 0.109085 0.14768 
0.241741 0.1 0.1 0.1 0.1 0.1 0.1 0.1 0.1 0.1 0.1 0.1 0.1 0.1 0.1 0.1 